20
-1 71 -1 -1 -1 -1 -1 -1 151 -1 -1 -1 -1 -1 -1 -1 -1 -1 -1 -1
71 -1 75 -1 -1 -1 -1 -1 -1 -1 -1 -1 -1 -1 -1 -1 -1 -1 -1 -1
-1 75 -1 118 -1 -1 -1 -1 140 -1 -1 -1 -1 -1 -1 -1 -1 -1 -1 -1
-1 -1 118 -1 111 -1 -1 -1 -1 -1 -1 -1 -1 -1 -1 -1 -1 -1 -1 -1
-1 -1 -1 111 -1 70 -1 -1 -1 -1 -1 -1 -1 -1 -1 -1 -1 -1 -1 -1
-1 -1 -1 -1 70 -1 75 -1 -1 -1 -1 -1 -1 -1 -1 -1 -1 -1 -1 -1
-1 -1 -1 -1 -1 75 -1 120 -1 -1 -1 -1 -1 -1 -1 -1 -1 -1 -1 -1
-1 -1 -1 -1 -1 -1 120 -1 -1 -1 146 138 -1 -1 -1 -1 -1 -1 -1 -1
151 -1 140 -1 -1 -1 -1 -1 -1 99 80 -1 -1 -1 -1 -1 -1 -1 -1 -1
-1 -1 -1 -1 -1 -1 -1 -1 99 -1 -1 -1 211 -1 -1 -1 -1 -1 -1 -1
-1 -1 -1 -1 -1 -1 -1 146 80 -1 -1 97 -1 -1 -1 -1 -1 -1 -1 -1
-1 -1 -1 -1 -1 -1 -1 138 -1 -1 97 -1 101 -1 -1 -1 -1 -1 -1 -1
-1 -1 -1 -1 -1 -1 -1 -1 -1 211 -1 101 -1 90 85 -1 -1 -1 -1 -1
-1 -1 -1 -1 -1 -1 -1 -1 -1 -1 -1 -1 90 -1 -1 -1 -1 -1 -1 -1
-1 -1 -1 -1 -1 -1 -1 -1 -1 -1 -1 -1 85 -1 -1 98 -1 142 -1 -1
-1 -1 -1 -1 -1 -1 -1 -1 -1 -1 -1 -1 -1 -1 98 -1 86 -1 -1 -1
-1 -1 -1 -1 -1 -1 -1 -1 -1 -1 -1 -1 -1 -1 -1 86 -1 -1 -1 -1
-1 -1 -1 -1 -1 -1 -1 -1 -1 -1 -1 -1 -1 -1 142 -1 -1 -1 92 -1
-1 -1 -1 -1 -1 -1 -1 -1 -1 -1 -1 -1 -1 -1 -1 -1 -1 92 -1 87
-1 -1 -1 -1 -1 -1 -1 -1 -1 -1 -1 -1 -1 -1 -1 -1 -1 -1 87 -1
380 374 0 329 244 241 242 160 253 176 193 10 0 77 80 151 161 199 226 234
